#SEED: 0.7696870230138302
SAT0,44.401199251375374,36.677631791639584,430.0836468158319
SAT1,-21.827928908469758,-23.61827852613561,492.5223854247053
SAT2,55.54039871256754,129.07250640586875,429.2212680314923
SAT3,20.545328670729035,-100.24333863546735,654.290422269574
SAT4,66.21993560054906,-116.61206005093709,640.225313811796
SAT5,12.867698432763603,-1.9189725655691916,691.1404422793029
SAT6,-49.625724031854844,-34.8629451362404,440.237628195923
SAT7,10.867795998068601,-41.43051955664993,597.0758172450082
SAT8,-87.8134009942372,124.15544657421839,413.6439457925866
SAT9,61.11716532288506,158.01440174519007,610.2883131731304
SAT10,7.750292919347814,162.81458735316477,470.3822937479623
SAT11,6.573349061893865,-158.36354694327403,501.72069635081806
SAT12,-41.278346821647446,-35.33841956007876,533.6754972283927
SAT13,27.855973067161315,-61.4157411974513,679.0042659806159
SAT14,69.45402699470296,-110.43623985452419,385.90780839512155
SAT15,7.659064077482043,9.741401880602211,339.94302024155076
SAT16,13.935720978644824,118.56755736976197,489.4053587406587
SAT17,21.471957632012703,-3.402946007981029,377.78052796748887
SAT18,11.774333799768598,-53.461336060087575,395.85709820517565
SAT19,-59.86302041100831,-91.13695158454865,372.21817965628435
ROUTE,84.15550584436335,-154.34198531094637,-74.9170898179037,-140.88537332490168
